major
2 2 1 2 2 2 1 -1 -2 -2 -2 -1 -2 -2
natural_minor
2 1 2 2 1 2 2 -2 -2 -1 -2 -2 -1 -2
harmonic_minor
2 1 2 2 1 3 1 -1 -3 -1 -2 -2 -1 -2
melodic_minor
2 1 2 2 2 2 1 -1 -2 -2 -2 -2 -1 -2
ioanian
2 2 1 2 2 2 1 -1 -2 -2 -2 -1 -2 -2
dorian
2 1 2 2 2 1 2 -2 -1 -2 -2 -2 -1 -2
phrygian
1 2 2 2 1 2 2 -2 -2 -1 -2 -2 -2 -1
lydian
2 2 2 1 2 2 1 -1 -2 -2 -1 -2 -2 -2
mixolydian
2 2 1 2 2 1 2 -2 -1 -2 -2 -1 -2 -2
aeolian
2 1 2 2 1 2 2 -2 -2 -1 -2 -2 -1 -2
locrian
1 2 2 1 2 2 2 -2 -2 -2 -1 -2 -2 -1
major_penta
2 2 3 2 3 -3 -2 -3 -2 -2
minor_penta
3 2 2 3 2 -2 -3 -2 -2 -3